Date        PRECIP  DURATION     MAX_5    MAX_10    MAX_15    MAX_30    MAX_60          ENERGY                    EI30
MO/DA/YR        mm       hrs     mm/hr     mm/hr     mm/hr     mm/hr     mm/hr           MJ/ha             MJ*mm/ha*hr
----------------------------------------------------------------------------------------------------------------------
07/06/2012   11.26      1.67    60.365    53.400    39.512    20.528    10.498           2.810                  57.679
09/25/2012   58.92     39.08    24.240    19.556    16.720    13.683    12.025          10.778                 147.476
06/23/2013   43.26     12.33    38.436    35.650    32.828    19.109    12.594           8.556                 163.509
07/10/2013   12.26     10.92    24.190    19.415    17.743    13.711     7.051           2.492                  34.168
07/17/2013   19.19      3.50    26.160    21.660    18.331    15.688    12.017           3.896                  61.122
07/26/2013   20.86     10.67    53.402    38.061    31.465    18.418     9.588           4.739                  87.284
08/13/2013   35.19     10.92    57.054    46.767    43.178    36.469    21.222           7.708                 281.100
08/19/2013   27.77      8.58    47.555    44.509    42.361    29.436    17.202           6.096                 179.443
08/24/2013   47.51     36.33    27.326    25.322    23.911    17.232    15.486           9.062                 156.160
08/27/2013   19.31     20.75    19.200    19.200    17.488    13.552     8.788           3.563                  48.285
05/11/2014   38.33     10.42    23.904    22.176    20.768    17.188    12.778           7.617                 130.917
06/29/2014   47.89     15.17    26.199    18.354    17.682    14.811     9.409           9.089                 134.615
07/09/2014   18.44     17.17    26.520    24.553    23.129    16.700     9.730           3.615                  60.363
07/21/2014   36.07     15.00    21.758    19.255    16.379    13.312     8.381           6.756                  89.940
08/12/2014   61.21     31.50    39.658    35.883    31.686    24.847    17.973          12.370                 307.354
08/31/2014   35.78     14.50    33.749    28.033    24.859    20.792    13.416           7.075                 147.102
09/21/2014   17.99      7.42    31.466    25.381    22.473    19.261    10.983           4.057                  78.149
05/19/2015   81.19     28.00    21.636    18.018    16.812    14.892    13.628          14.980                 223.078
06/06/2015   37.83      6.17    66.640    48.258    38.520    31.859    18.964           8.801                 280.378
07/08/2015   23.54     11.58    84.299    74.177    64.965    40.021    21.174           5.940                 237.727
07/22/2015   19.08      5.33    87.204    66.834    49.601    26.614    14.570           4.765                 126.807
07/23/2015   18.44     13.75    30.960    26.409    23.379    16.596     8.848           4.045                  67.129
07/29/2015   25.26     19.08    42.792    35.796    33.464    25.053    15.284           5.308                 132.986
07/30/2015   35.39     14.58    22.180    20.540    18.113    13.833     9.761           6.831                  94.489
08/08/2015   18.08     13.42   115.145    73.678    51.411    26.654    14.119           4.386                 116.911
08/18/2015   25.21     15.75    46.051    35.172    30.862    20.551    11.963           5.403                 111.046
09/03/2015   16.38      5.50    16.848    16.800    16.112    14.400    11.398           3.299                  47.499
09/14/2015   50.93     16.50    16.976    15.552    14.368    12.859    12.184           9.863                 126.820
06/16/2016   33.53     12.50    74.580    49.006    35.417    20.165    10.678           6.895                 139.044
06/25/2016   21.05      2.08    57.600    57.600    46.282    26.904    16.857           4.899                 131.802
06/26/2016   17.16      4.92    14.448    13.380    13.616    12.820    11.776           3.449                  44.211
06/30/2016   40.57     13.08    56.859    44.030    39.753    27.103    15.131           9.276                 251.421
07/12/2016   45.46     44.67    50.865    38.535    30.136    15.765     8.078           8.951                 141.118
07/21/2016   25.53     10.42   111.169    95.912    81.941    49.036    25.138           6.932                 339.904
07/30/2016   67.92     22.83   104.459    93.944    76.109    47.482    25.068          15.206                 722.002
08/09/2016   77.38     20.42    52.176    39.884    31.917    20.359    11.347          15.524                 316.049
08/15/2016    6.87      5.25    28.800    28.800    23.335    12.955     6.673           1.548                  20.056
08/29/2016   38.22      9.92    75.006    65.666    60.061    45.538    26.901           9.018                 410.656
06/15/2017   11.20      4.33    47.651    31.579    25.181    17.818    10.607           2.547                  45.378
06/30/2017   16.20      3.33    21.720    19.440    17.760    15.280    10.792           3.282                  50.149
07/07/2017    8.66      0.42    53.530    47.521    33.049    17.320     8.660           2.319                  40.171
07/09/2017   25.85     13.17    27.797    23.976    18.328    16.762    11.893           5.497                  92.134
07/21/2017   20.69      3.75    45.148    38.316    34.024    21.220    18.475           4.908                 104.155
07/30/2017   26.13      6.67    21.636    18.258    15.972    14.378    10.651           5.338                  76.752
08/04/2017   26.52      4.25    74.816    65.753    58.966    36.262    18.131           6.425                 232.981
08/06/2017   19.79      9.50    57.639    38.036    27.358    17.599    13.555           4.253                  74.854
08/19/2017   44.86     25.17    82.579    57.417    52.109    27.222    13.807           9.472                 257.847
09/02/2017   23.95     21.92    35.876    26.074    22.848    13.658     7.269           4.584                  62.613
05/06/2018   12.92      3.92    41.275    33.527    25.990    15.139     8.569           2.683                  40.624
06/12/2018   18.37      3.33    16.944    15.672    15.248    13.720    11.214           3.632                  49.837
07/03/2018   24.17      7.08    38.726    31.051    27.261    17.756    11.198           4.818                  85.554
07/04/2018    7.15      0.67    37.403    33.609    26.646    13.912     7.150           1.728                  24.042
07/14/2018    9.34      0.67    50.904    38.123    29.266    18.297     9.340           2.224                  40.686
07/27/2018    9.57      6.58    33.866    27.922    23.606    15.593     8.384           2.069                  32.264
08/08/2018   10.31      3.33    40.443    30.421    27.514    17.093     9.907           2.371                  40.519
08/11/2018   12.78      1.58    43.907    42.033    38.109    24.376    12.384           3.146                  76.682
08/24/2018  109.08     44.83    71.643    62.800    55.028    36.619    22.109          22.018                 806.260
08/30/2018   24.66      2.67    63.164    51.277    42.744    25.620    17.146           5.585                 143.084
09/23/2018   10.04      4.58    38.276    28.198    22.573    13.700     7.242           2.157                  29.547
10/27/2018  310.45     87.00    33.910    30.050    25.247    16.440    12.206          59.287                 974.702
06/19/2019    6.95      0.83    40.343    27.092    20.753    13.250     6.950           1.584                  20.983
07/17/2019   12.17      7.25    53.333    41.375    33.034    18.001     9.196           2.773                  49.909
07/27/2019   11.32      9.08    42.595    38.765    29.617    16.648     8.324           2.642                  43.979
07/31/2019   10.66      1.25    40.469    34.647    28.161    18.200    10.463           2.402                  43.709
08/01/2019   28.80     23.92    21.672    21.600    20.496    16.428    12.392           5.679                  93.295
08/19/2019    6.79      0.67    19.350    15.720    16.026    12.789     6.790           1.457                  18.632
08/19/2019    7.52      0.50    40.800    40.800    28.571    15.037     7.520           1.898                  28.535
09/02/2019   23.12      7.25    31.517    27.432    26.234    19.097    14.047           4.777                  91.226
05/14/2020   35.56      9.08    38.338    29.259    24.285    16.373    12.011           6.886                 112.752
05/23/2020   15.67      6.33    26.983    25.356    22.228    15.442    11.537           3.321                  51.280
08/02/2020   34.20     14.75    47.570    44.018    39.218    22.687    11.943           7.278                 165.108
08/29/2020  101.05     26.42    26.717    21.344    18.546    15.005    11.205          20.279                 304.293
10/10/2020   66.19     30.83    22.662    20.583    19.092    14.770    11.189          12.103                 178.767
06/05/2021   16.04      5.17    24.000    24.000    21.913    14.224     8.672           3.166                  45.036
06/17/2021   14.47      3.00    28.896    26.821    25.125    19.438    10.683           3.106                  60.374
06/26/2021   10.60      4.92    24.150    20.878    17.890    12.941     9.419           2.190                  28.343
07/04/2021   22.94      8.25    21.720    19.596    17.680    12.768     8.784           4.076                  52.039
07/07/2021    9.21      1.17    47.939    30.873    23.142    14.451     9.012           1.988                  28.723
07/08/2021   43.12     15.33    55.704    45.717    36.993    19.943    15.741           9.157                 182.611
07/13/2021   44.35     31.58    33.003    27.342    23.485    17.188     9.876           9.081                 156.083
07/30/2021   21.70     10.75    65.564    53.884    42.217    23.239    11.619           5.411                 125.734
08/15/2021   47.24     27.75    47.328    35.060    30.787    20.131    11.612          10.040                 202.124
08/22/2021   21.95     10.67    34.872    31.307    25.632    17.983    11.815           4.399                  79.112